################################################################################
# HI-MaNGA: HI Followup for the MaNGA Survey
# Observed under code: AGBT21B_130
# Masters, K.L. et al. in prep.
################################################################################
# Telescope:   Robert C. Bryd Green Bank Telescope
# Beam Size FWHM [arcminutes]: 9.0 
# Object (MaNGA plate-ifu format): 11948-1901
# RA Dec (J2000): 16 40 57.2  +32 17 20
# Rest Frequency [MHz]:  1420.4058
# Central velocity [km/s]: 10911.3  
# Integration time [seconds]: 837.6   
# Date(s) of observations (UT): 2021-12-13 
####################################################################################
# ASCII Table
# Generated by Yunjing Wang  Wed May 31 10:50:12 2023
# The spectrum is baselined and Hanning smoothed
# Columns are: Velocity of HI (km/s), Flux (Jy), Pre-baseline subtracted flux (Jy)
####################################################################################
# vHI,fHI,fBHI
       8466.6818  -0.00166413    -0.107938
       8471.7893 -0.000890087    -0.107161
       8476.8970  -0.00212938    -0.108398
       8482.0048  -0.00455192    -0.110819
       8487.1128  -0.00352896    -0.109794
       8492.2210  -0.00258855    -0.108852
       8497.3294  -0.00402472    -0.110287
       8502.4379  -0.00434732    -0.110608
       8507.5466  -0.00515003    -0.111410
       8512.6554  -0.00639891    -0.112658
       8517.7644  -0.00619453    -0.112453
       8522.8736  -0.00506099    -0.111318
       8527.9830  -0.00475428    -0.111011
       8533.0925  -0.00590581    -0.112163
       8538.2022  -0.00665192    -0.112908
       8543.3121  -0.00527975    -0.111536
       8548.4222  -0.00336329    -0.109620
       8553.5324  -0.00325156    -0.109509
       8558.6428  -0.00376227    -0.110020
       8563.7533  -0.00453443    -0.110793
       8568.8640  -0.00555973    -0.111819
       8573.9749  -0.00618200    -0.112442
       8579.0860  -0.00587036    -0.112131
       8584.1972  -0.00498082    -0.111243
       8589.3086  -0.00488081    -0.111144
       8594.4202  -0.00482419    -0.111089
       8599.5319  -0.00478052    -0.111047
       8604.6438  -0.00615537    -0.112424
       8609.7559  -0.00656147    -0.112832
       8614.8681  -0.00463957    -0.110912
       8619.9806  -0.00444093    -0.110716
       8625.0931  -0.00501901    -0.111297
       8630.2059  -0.00461458    -0.110895
       8635.3188  -0.00464099    -0.110924
       8640.4319  -0.00377430    -0.110060
       8645.5452  -0.00312564    -0.109414
       8650.6586  -0.00391406    -0.110206
       8655.7722  -0.00487164    -0.111167
       8660.8860  -0.00441694    -0.110716
       8665.9999  -0.00345928    -0.109762
       8671.1140  -0.00353210    -0.109838
       8676.2283  -0.00249348    -0.108804
       8681.3428  -0.00158261    -0.107897
       8686.4574  -0.00212589    -0.108444
       8691.5722  -0.00194528    -0.108268
       8696.6871  -0.00177667    -0.108104
       8701.8023  -0.00253948    -0.108871
       8706.9175  -0.00315045    -0.109487
       8712.0330  -0.00249170    -0.108833
       8717.1487  -0.00115495    -0.107501
       8722.2645  -0.00102286    -0.107374
       8727.3804  -0.00101801    -0.107375
       8732.4966  -0.00104988    -0.107412
       8737.6129  -0.00176574    -0.108133
       8742.7294  -0.00146320    -0.107837
       8747.8460  -0.00110342    -0.107483
       8752.9629  -0.00130161    -0.107687
       8758.0799  -0.00104907    -0.107440
       8763.1970 -0.000904054    -0.107301
       8768.3144 -0.000743867    -0.107148
       8773.4319 -8.98886e-05    -0.106500
       8778.5495 -0.000472656    -0.106890
       8783.6674 -0.000947286    -0.107371
       8788.7854 -0.000358992    -0.106789
       8793.9036 -0.000153686    -0.106591
       8799.0219  0.000713798    -0.105731
       8804.1404   0.00119174    -0.105260
       8809.2591  0.000364450    -0.106095
       8814.3780 -0.000127971    -0.106595
       8819.4970  0.000580692    -0.105894
       8824.6162   0.00163481    -0.104847
       8829.7356  0.000403855    -0.106086
       8834.8551  -0.00118083    -0.107679
       8839.9749 -0.000320965    -0.106827
       8845.0947  0.000477109    -0.106037
       8850.2148 -0.000253988    -0.106777
       8855.3350 -0.000890729    -0.107422
       8860.4554  -0.00140361    -0.107943
       8865.5760  -0.00122025    -0.107769
       8870.6967 -0.000706428    -0.107264
       8875.8176 -0.000812764    -0.107379
       8880.9387 -0.000205045    -0.106780
       8886.0599  0.000552249    -0.106032
       8891.1813  0.000837211    -0.105757
       8896.3029  0.000596426    -0.106007
       8901.4246 -0.000479290    -0.107092
       8906.5466 -0.000703351    -0.107326
       8911.6687 -0.000398217    -0.107030
       8916.7909 -0.000136466    -0.106779
       8921.9133  0.000943269    -0.105709
       8927.0359  0.000951022    -0.105711
       8932.1587  0.000620340    -0.106052
       8937.2817   0.00143559    -0.105247
       8942.4048   0.00166673    -0.105026
       8947.5280  0.000456280    -0.106247
       8952.6515  -0.00141617    -0.108130
       8957.7751  -0.00213498    -0.108860
       8962.8989  -0.00132106    -0.108057
       8968.0229  0.000362129    -0.106385
       8973.1470   0.00274947    -0.104008
       8978.2713   0.00306007    -0.103709
       8983.3958   0.00163229    -0.105148
       8988.5204   0.00153477    -0.105257
       8993.6452   0.00142725    -0.105376
       8998.7702   0.00188033    -0.104935
       9003.8953   0.00198418    -0.104842
       9009.0207  0.000898869    -0.105940
       9014.1462  0.000575833    -0.106274
       9019.2718  0.000461335    -0.106401
       9024.3977 -0.000558591    -0.107433
       9029.5237  -0.00170089    -0.108588
       9034.6498  -0.00110179    -0.108001
       9039.7762 -0.000328725    -0.107240
       9044.9027  0.000500582    -0.106423
       9050.0294   0.00171754    -0.105219
       9055.1562   0.00132980    -0.105619
       9060.2832  0.000369791    -0.106592
       9065.4104 -0.000292169    -0.107267
       9070.5378  -0.00143934    -0.108427
       9075.6653  -0.00110979    -0.108111
       9080.7930  0.000522203    -0.106492
       9085.9209  8.79783e-05    -0.106939
       9091.0489  -0.00135903    -0.108400
       9096.1772  -0.00177096    -0.108825
       9101.3055  -0.00115421    -0.108222
       9106.4341 -0.000585607    -0.107667
       9111.5628 -0.000463640    -0.107559
       9116.6917  1.19618e-05    -0.107097
       9121.8208  0.000457439    -0.106665
       9126.9500   0.00143368    -0.105703
       9132.0794   0.00150891    -0.105642
       9137.2090 -0.000543270    -0.107708
       9142.3388 -0.000978395    -0.108157
       9147.4687 -0.000277967    -0.107471
       9152.5988  -0.00145799    -0.108666
       9157.7290  -0.00250103    -0.109723
       9162.8594  -0.00165038    -0.108887
       9167.9900  0.000732482    -0.106519
       9173.1208   0.00295620    -0.104310
       9178.2518   0.00279949    -0.104482
       9183.3829  0.000514836    -0.106781
       9188.5141  -0.00123452    -0.108545
       9193.6456 -0.000612033    -0.107938
       9198.7772  0.000677555    -0.106664
       9203.9090 -4.15747e-05    -0.107398
       9209.0410  -0.00157071    -0.108942
       9214.1731 -0.000921970    -0.108309
       9219.3054  0.000921669    -0.106481
       9224.4379  0.000420798    -0.106997
       9229.5705  -0.00105165    -0.108485
       9234.7033 -0.000265641    -0.107715
       9239.8363  0.000797895    -0.106667
       9244.9695  0.000237590    -0.107243
       9250.1028 -0.000376197    -0.107873
       9255.2363  -0.00215766    -0.109670
       9260.3700  -0.00344816    -0.110977
       9265.5038  -0.00100568    -0.108550
       9270.6378   0.00123599    -0.106325
       9275.7720   0.00274218    -0.104835
       9280.9064   0.00287268    -0.104721
       9286.0409   0.00106562    -0.106544
       9291.1756  0.000210681    -0.107416
       9296.3104   0.00121045    -0.106432
       9301.4455   0.00207850    -0.105581
       9306.5807   0.00112398    -0.106552
       9311.7160   0.00134212    -0.106351
       9316.8516   0.00165621    -0.106053
       9321.9873  0.000437112    -0.107289
       9327.1232  -0.00121148    -0.108955
       9332.2592  -0.00199817    -0.109758
       9337.3955  0.000136244    -0.107641
       9342.5319   0.00270771    -0.105087
       9347.6684   0.00253040    -0.105281
       9352.8052  0.000787182    -0.107042
       9357.9421 -0.000822310    -0.108668
       9363.0792  -0.00152174    -0.109385
       9368.2164  -0.00223564    -0.110116
       9373.3538  -0.00337199    -0.111270
       9378.4914  -0.00271404    -0.110630
       9383.6292 -0.000720309    -0.108654
       9388.7671  0.000587268    -0.107364
       9393.9052   0.00116123    -0.106807
       9399.0435   0.00102650    -0.106960
       9404.1820  0.000508308    -0.107496
       9409.3206   0.00113215    -0.106890
       9414.4594   0.00125832    -0.106782
       9419.5983  0.000698444    -0.107359
       9424.7375  0.000911272    -0.107165
       9429.8768  0.000281065    -0.107813
       9435.0162  -0.00107372    -0.109186
       9440.1559  -0.00282613    -0.110956
       9445.2957  -0.00352946    -0.111678
       9450.4357  -0.00211877    -0.110285
       9455.5758  0.000259750    -0.107925
       9460.7161   0.00130606    -0.106897
       9465.8566  0.000334331    -0.107887
       9470.9973  3.71338e-05    -0.108203
       9476.1381 -0.000635341    -0.108894
       9481.2792  -0.00153787    -0.109815
       9486.4203 -5.48522e-05    -0.108350
       9491.5617  7.90106e-05    -0.108235
       9496.7032  -0.00300827    -0.111341
       9501.8449  -0.00354176    -0.111893
       9506.9868 -0.000830910    -0.109201
       9512.1288  0.000579115    -0.107810
       9517.2710  0.000323886    -0.108084
       9522.4134 -0.000312713    -0.108739
       9527.5559 -0.000780755    -0.109226
       9532.6987 -0.000477148    -0.108942
       9537.8415  0.000710704    -0.107773
       9542.9846   0.00127167    -0.107231
       9548.1278  0.000858928    -0.107663
       9553.2712  0.000353164    -0.108187
       9558.4148  -0.00117041    -0.109730
       9563.5586  -0.00329951    -0.111878
       9568.7025  -0.00390727    -0.112505
       9573.8466  -0.00277676    -0.111394
       9578.9908  -0.00143025    -0.110067
       9584.1353 -0.000103549    -0.108759
       9589.2799  0.000695944    -0.107979
       9594.4246  0.000735121    -0.107959
       9599.5696  0.000507122    -0.108207
       9604.7147 -0.000659330    -0.109393
       9609.8600  -0.00128577    -0.110039
       9615.0054  0.000314405    -0.108458
       9620.1510   0.00207718    -0.106715
       9625.2968   0.00182917    -0.106982
       9630.4428   0.00124746    -0.107583
       9635.5890  0.000888642    -0.107962
       9640.7353  3.27509e-05    -0.108837
       9645.8818 -0.000511316    -0.109401
       9651.0284  -0.00177249    -0.110682
       9656.1752  -0.00288304    -0.111812
       9661.3222  -0.00168845    -0.110637
       9666.4694 -0.000356908    -0.109325
       9671.6167 -0.000376673    -0.109365
       9676.7642 -0.000532271    -0.109540
       9681.9119  0.000224020    -0.108804
       9687.0598   0.00105110    -0.107996
       9692.2078  0.000532500    -0.108535
       9697.3560 -0.000360425    -0.109448
       9702.5044  -0.00106371    -0.110171
       9707.6529  -0.00107557    -0.110202
       9712.8016 -0.000363822    -0.109511
       9717.9505  0.000989806    -0.108177
       9723.0995   0.00293655    -0.106250
       9728.2488   0.00436853    -0.104838
       9733.3982   0.00373767    -0.105489
       9738.5477   0.00164834    -0.107598
       9743.6975  0.000501160    -0.108765
       9748.8474 -0.000317448    -0.109604
       9753.9975 -0.000762860    -0.110069
       9759.1477 -0.000150375    -0.109477
       9764.2981  0.000848240    -0.108498
       9769.4487   0.00110368    -0.108263
       9774.5995  0.000663932    -0.108723
       9779.7504  0.000656934    -0.108750
       9784.9015 -0.000224464    -0.109651
       9790.0528  -0.00160616    -0.111053
       9795.2043  -0.00112382    -0.110591
       9800.3559  4.36305e-05    -0.109443
       9805.5077  0.000975857    -0.108531
       9810.6597   0.00128952    -0.108238
       9815.8118 -0.000213801    -0.109761
       9820.9641 -0.000842443    -0.110410
       9826.1166  0.000111616    -0.109476
       9831.2692   0.00103689    -0.108571
       9836.4221   0.00125178    -0.108376
       9841.5750  7.98676e-05    -0.109568
       9846.7282  -0.00100119    -0.110669
       9851.8816  -0.00138878    -0.111077
       9857.0351  -0.00148346    -0.111192
       9862.1887  -0.00143601    -0.111164
       9867.3426  -0.00127942    -0.111028
       9872.4966  -0.00157389    -0.111343
       9877.6508  -0.00166326    -0.111452
       9882.8052  -0.00190492    -0.111714
       9887.9597  -0.00290203    -0.112731
       9893.1144  -0.00221853    -0.112068
       9898.2693 -0.000372366    -0.110242
       9903.4244 -0.000424622    -0.110314
       9908.5796 -0.000774133    -0.110684
       9913.7350  0.000705273    -0.109224
       9918.8906   0.00150996    -0.108440
       9924.0463   0.00121792    -0.108752
       9929.2022  0.000585622    -0.109404
       9934.3583  9.76894e-05    -0.109912
       9939.5145  0.000459559    -0.109570
       9944.6710   0.00139848    -0.108651
       9949.8276   0.00146330    -0.108606
       9954.9843  0.000342332    -0.109747
       9960.1413 -0.000458859    -0.110569
       9965.2984 -0.000578410    -0.110708
       9970.4557  0.000659477    -0.109490
       9975.6131  0.000559932    -0.109610
       9980.7708  -0.00126505    -0.111455
       9985.9286  -0.00183660    -0.112046
       9991.0865  -0.00209202    -0.112321
       9996.2447  -0.00143666    -0.111686
       10001.403 -0.000765673    -0.111035
       10006.561  -0.00127879    -0.111568
       10011.720 -0.000920302    -0.111229
       10016.879 -0.000116037    -0.110445
       10022.038  0.000171182    -0.110177
       10027.197 -0.000257382    -0.110625
       10032.356  -0.00102301    -0.111411
       10037.516  -0.00143412    -0.111842
       10042.676  -0.00152814    -0.111955
       10047.836  -0.00156341    -0.112010
       10052.996 -0.000293215    -0.110760
       10058.156   0.00145550    -0.109031
       10063.316  0.000365377    -0.110140
       10068.477  -0.00150573    -0.112031
       10073.637  -0.00235510    -0.112900
       10078.798  -0.00220371    -0.112768
       10083.959 -0.000664448    -0.111248
       10089.121  0.000541623    -0.110062
       10094.282   0.00108450    -0.109538
       10099.444   0.00117820    -0.109464
       10104.605 -0.000264527    -0.110926
       10109.767 -0.000732058    -0.111413
       10114.929   0.00159545    -0.109105
       10120.092   0.00212365    -0.108596
       10125.254  0.000175530    -0.110563
       10130.417 -0.000464910    -0.111223
       10135.580  0.000847622    -0.109929
       10140.742   0.00166020    -0.109136
       10145.906   0.00173853    -0.109077
       10151.069   0.00243583    -0.108399
       10156.232   0.00127046    -0.109583
       10161.396 -0.000597705    -0.111470
       10166.560  0.000514250    -0.110377
       10171.724   0.00234186    -0.108568
       10176.888   0.00191192    -0.109017
       10182.052   0.00111279    -0.109835
       10187.217   0.00144630    -0.109521
       10192.382   0.00141037    -0.109575
       10197.546   0.00107027    -0.109934
       10202.711  0.000763124    -0.110260
       10207.877   0.00112433    -0.109917
       10213.042   0.00197123    -0.109089
       10218.207   0.00113513    -0.109944
       10223.373 -0.000357094    -0.111454
       10228.539 -0.000167752    -0.111284
       10233.705   0.00106317    -0.110071
       10238.871   0.00177591    -0.109377
       10244.038   0.00222952    -0.108941
       10249.204   0.00312202    -0.108067
       10254.371   0.00301514    -0.108192
       10259.538  0.000927459    -0.110298
       10264.705  -0.00162590    -0.112870
       10269.872  -0.00202130    -0.113283
       10275.040  9.65263e-05    -0.111183
       10280.207  0.000527684    -0.110770
       10285.375 -9.06534e-05    -0.111406
       10290.543  0.000525689    -0.110808
       10295.711 -0.000721032    -0.112072
       10300.880  -0.00209906    -0.113468
       10306.048 -0.000871570    -0.112258
       10311.217 -0.000140377    -0.111545
       10316.385  -0.00112420    -0.112546
       10321.554  -0.00139449    -0.112834
       10326.724  -0.00133721    -0.112794
       10331.893  -0.00194713    -0.113422
       10337.062  -0.00175983    -0.113252
       10342.232  -0.00148513    -0.112994
       10347.402  -0.00115418    -0.112681
       10352.572 -0.000452280    -0.111996
       10357.742 -0.000400737    -0.111962
       10362.912 -0.000102768    -0.111681
       10368.083  0.000378357    -0.111217
       10373.254  0.000511730    -0.111100
       10378.425 -0.000113272    -0.111742
       10383.596 -0.000483543    -0.112129
       10388.767 -0.000440132    -0.112103
       10393.938 -0.000652490    -0.112332
       10399.110  0.000398213    -0.111298
       10404.282   0.00170044    -0.110012
       10409.453  0.000742387    -0.110986
       10414.626  -0.00142279    -0.113168
       10419.798  -0.00138482    -0.113146
       10424.970 -5.41322e-05    -0.111832
       10430.143  0.000743598    -0.111051
       10435.316   0.00105567    -0.110755
       10440.489  0.000731542    -0.111095
       10445.662 -0.000196643    -0.112039
       10450.835 -0.000889349    -0.112748
       10456.008  0.000202376    -0.111672
       10461.182  0.000844378    -0.111046
       10466.356  0.000896712    -0.111009
       10471.530   0.00179528    -0.110126
       10476.704   0.00189845    -0.110038
       10481.878   0.00134828    -0.110604
       10487.053   0.00216257    -0.109805
       10492.228   0.00356432    -0.108419
       10497.402   0.00284871    -0.109150
       10502.577   0.00130322    -0.110710
       10507.753 -0.000281193    -0.112310
       10512.928 -0.000987638    -0.113031
       10518.104  0.000340204    -0.111719
       10523.279  0.000976008    -0.111098
       10528.455  0.000567421    -0.111521
       10533.631  0.000142583    -0.111961
       10538.807 -6.15827e-05    -0.112179
       10543.984  0.000454371    -0.111678
       10549.160  0.000930039    -0.111217
       10554.337   0.00160630    -0.110555
       10559.514   0.00173452    -0.110441
       10564.691  0.000593302    -0.111596
       10569.868 -0.000138790    -0.112343
       10575.046 -0.000256496    -0.112474
       10580.223 -3.19502e-05    -0.112264
       10585.401  0.000277623    -0.111968
       10590.579  0.000114406    -0.112145
       10595.757   0.00131307    -0.110960
       10600.936   0.00380635    -0.108480
       10606.114   0.00413984    -0.108160
       10611.293   0.00271591    -0.109598
       10616.472   0.00161786    -0.110709
       10621.651   0.00183812    -0.110502
       10626.830   0.00182112    -0.110532
       10632.009  0.000713359    -0.111653
       10637.189 -0.000164060    -0.112543
       10642.368 -0.000845191    -0.113237
       10647.548  0.000339030    -0.112066
       10652.728   0.00134798    -0.111070
       10657.908  0.000977263    -0.111453
       10663.089   0.00202812    -0.110414
       10668.269   0.00260290    -0.109852
       10673.450   0.00194477    -0.110522
       10678.631   0.00148990    -0.110989
       10683.812   0.00160412    -0.110887
       10688.993   0.00261728    -0.109886
       10694.175   0.00375800    -0.108757
       10699.356   0.00463723    -0.107890
       10704.538   0.00370517    -0.108834
       10709.720   0.00296312    -0.109587
       10714.902   0.00454293    -0.108019
       10720.084   0.00424553    -0.108328
       10725.267   0.00262403    -0.109960
       10730.449   0.00346937    -0.109126
       10735.632   0.00376105    -0.108845
       10740.815   0.00242451    -0.110193
       10745.998   0.00289407    -0.109734
       10751.181   0.00299264    -0.109646
       10756.365   0.00170488    -0.110945
       10761.549   0.00136898    -0.111291
       10766.732   0.00250148    -0.110169
       10771.916   0.00312241    -0.109558
       10777.101   0.00291853    -0.109772
       10782.285   0.00376019    -0.108941
       10787.470   0.00390758    -0.108803
       10792.654   0.00302613    -0.109695
       10797.839   0.00329406    -0.109437
       10803.024   0.00394872    -0.108792
       10808.209   0.00379620    -0.108954
       10813.395   0.00399873    -0.108760
       10818.580   0.00370217    -0.109066
       10823.766   0.00282190    -0.109956
       10828.952   0.00304129    -0.109745
       10834.138   0.00433113    -0.108464
       10839.324   0.00603254    -0.106772
       10844.511   0.00718096    -0.105632
       10849.697   0.00633826    -0.106483
       10854.884   0.00502486    -0.107805
       10860.071   0.00552184    -0.107316
       10865.258   0.00442784    -0.108419
       10870.446   0.00186449    -0.110990
       10875.633   0.00233152    -0.110531
       10880.821   0.00409761    -0.108773
       10886.008   0.00447376    -0.108404
       10891.196   0.00502784    -0.107858
       10896.385   0.00540619    -0.107487
       10901.573   0.00367143    -0.109229
       10906.761   0.00293398    -0.109974
       10911.950   0.00445456    -0.108460
       10917.139   0.00498741    -0.107934
       10922.328   0.00497548    -0.107953
       10927.517   0.00477053    -0.108165
       10932.707   0.00420514    -0.108737
       10937.896   0.00498725    -0.107961
       10943.086   0.00624788    -0.106707
       10948.276   0.00643120    -0.106529
       10953.466   0.00604514    -0.106922
       10958.656   0.00515240    -0.107820
       10963.846   0.00426416    -0.108714
       10969.037   0.00363933    -0.109345
       10974.228   0.00359525    -0.109394
       10979.419   0.00436393    -0.108631
       10984.610   0.00479415    -0.108206
       10989.801   0.00606026    -0.106945
       10994.993   0.00652477    -0.106486
       11000.184   0.00529153    -0.107724
       11005.376   0.00553593    -0.107484
       11010.568   0.00590441    -0.107120
       11015.760   0.00498499    -0.108044
       11020.952   0.00387347    -0.109160
       11026.145   0.00349193    -0.109545
       11031.338   0.00375665    -0.109285
       11036.531   0.00407478    -0.108970
       11041.724   0.00414705    -0.108902
       11046.917   0.00343041    -0.109622
       11052.110   0.00319528    -0.109860
       11057.304   0.00432222    -0.108737
       11062.497   0.00462419    -0.108438
       11067.691   0.00310294    -0.109962
       11072.885   0.00132486    -0.111743
       11078.080  0.000204050    -0.112867
       11083.274  0.000892819    -0.112180
       11088.468   0.00229181    -0.110784
       11093.663   0.00263266    -0.110445
       11098.858   0.00278290    -0.110297
       11104.053   0.00202960    -0.111052
       11109.249  0.000442309    -0.112641
       11114.444  0.000975500    -0.112110
       11119.640   0.00363918    -0.109448
       11124.835   0.00450068    -0.108588
       11130.031   0.00218581    -0.110904
       11135.228   0.00119634    -0.111894
       11140.424   0.00348704    -0.109604
       11145.620   0.00487491    -0.108217
       11150.817   0.00404201    -0.109051
       11156.014   0.00286240    -0.110231
       11161.211   0.00239708    -0.110696
       11166.408   0.00189288    -0.111201
       11171.605   0.00217911    -0.110914
       11176.803   0.00335999    -0.109733
       11182.001   0.00321184    -0.109881
       11187.199   0.00323655    -0.109856
       11192.397   0.00276474    -0.110327
       11197.595   0.00187162    -0.111219
       11202.793   0.00202300    -0.111067
       11207.992   0.00100809    -0.112080
       11213.191 -0.000171256    -0.113258
       11218.389 -0.000116733    -0.113202
       11223.589  0.000885652    -0.112198
       11228.788   0.00268975    -0.110392
       11233.987   0.00320812    -0.109872
       11239.187   0.00219400    -0.110884
       11244.387   0.00144096    -0.111635
       11249.587  0.000702781    -0.112370
       11254.787  0.000509111    -0.112562
       11259.987   0.00138654    -0.111681
       11265.188   0.00175513    -0.111310
       11270.388   0.00131726    -0.111744
       11275.589  0.000917080    -0.112141
       11280.790   0.00101568    -0.112039
       11285.991   0.00248613    -0.110565
       11291.193   0.00374363    -0.109304
       11296.394   0.00301608    -0.110027
       11301.596   0.00282922    -0.110210
       11306.798   0.00291086    -0.110124
       11312.000   0.00244069    -0.110589
       11317.202   0.00345147    -0.109574
       11322.404   0.00529947    -0.107721
       11327.607   0.00485585    -0.108160
       11332.810   0.00210405    -0.110906
       11338.013   0.00147147    -0.111533
       11343.216   0.00281261    -0.110187
       11348.419   0.00370579    -0.109288
       11353.622   0.00449808    -0.108489
       11358.826   0.00409922    -0.108882
       11364.030   0.00325832    -0.109717
       11369.234   0.00338501    -0.109583
       11374.438   0.00262625    -0.110335
       11379.642   0.00142038    -0.111534
       11384.847   0.00117210    -0.111776
       11390.051   0.00122909    -0.111711
       11395.256   0.00152357    -0.111410
       11400.461  0.000967180    -0.111958
       11405.666 -0.000581385    -0.113499
       11410.872 -0.000710339    -0.113620
       11416.077 -0.000204087    -0.113106
       11421.283  -0.00104043    -0.113934
       11426.489  -0.00106924    -0.113954
       11431.695   0.00105307    -0.111823
       11436.901   0.00379218    -0.109075
       11442.108   0.00409532    -0.108763
       11447.314   0.00219052    -0.110658
       11452.521   0.00121621    -0.111623
       11457.728  0.000651189    -0.112178
       11462.935  0.000913333    -0.111906
       11468.142  0.000909717    -0.111900
       11473.350 -0.000515344    -0.113315
       11478.557 -0.000914803    -0.113704
       11483.765  4.79034e-05    -0.112730
       11488.973  0.000278514    -0.112489
       11494.181  -0.00132275    -0.114079
       11499.390  -0.00217907    -0.114924
       11504.598 -0.000791018    -0.113525
       11509.807 -0.000118765    -0.112841
       11515.016 -0.000277630    -0.112988
       11520.225  0.000747531    -0.111951
       11525.434   0.00107323    -0.111613
       11530.643   0.00104957    -0.111624
       11535.853   0.00120195    -0.111459
       11541.062 -0.000192918    -0.112841
       11546.272  -0.00134739    -0.113982
       11551.482 -0.000704070    -0.113326
       11556.693 -0.000423390    -0.113032
       11561.903  -0.00113243    -0.113727
       11567.114 -0.000878873    -0.113460
       11572.324  0.000103796    -0.112463
       11577.535  0.000169429    -0.112383
       11582.746 -0.000570814    -0.113109
       11587.958 -0.000655382    -0.113179
       11593.169 -0.000285874    -0.112794
       11598.381  0.000392640    -0.112101
       11603.593   0.00151482    -0.110963
       11608.805   0.00199743    -0.110465
       11614.017   0.00262997    -0.109817
       11619.229   0.00251157    -0.109919
       11624.442  0.000597030    -0.111818
       11629.654 -0.000919090    -0.113317
       11634.867  -0.00179303    -0.114175
       11640.080  -0.00200926    -0.114374
       11645.293  -0.00176443    -0.114112
       11650.507 -0.000506458    -0.112837
       11655.720   0.00282736    -0.109486
       11660.934   0.00377465    -0.108521
       11666.148  0.000932720    -0.111345
       11671.362 -0.000708853    -0.112968
       11676.576 -0.000358582    -0.112600
       11681.791 -0.000552638    -0.112775
       11687.005  -0.00110907    -0.113313
       11692.220 -0.000187424    -0.112373
       11697.435   0.00206474    -0.110101
       11702.650   0.00245012    -0.109696
       11707.865  2.11934e-05    -0.112106
       11713.081  -0.00197444    -0.114081
       11718.297  -0.00100266    -0.113090
       11723.512  0.000700409    -0.111366
       11728.728 -8.07881e-05    -0.112127
       11733.945  -0.00136629    -0.113392
       11739.161  -0.00170105    -0.113706
       11744.377  -0.00282958    -0.114813
       11749.594  -0.00368805    -0.115650
       11754.811  -0.00255411    -0.114494
       11760.028 -0.000617484    -0.112536
       11765.245  0.000546361    -0.111350
       11770.463 -0.000255314    -0.112129
       11775.680  -0.00164337    -0.113495
       11780.898  -0.00173994    -0.113568
       11786.116  -0.00207523    -0.113881
       11791.334  -0.00253195    -0.114314
       11796.552  -0.00196929    -0.113728
       11801.771  -0.00137648    -0.113112
       11806.989 -0.000137606    -0.111849
       11812.208   0.00123291    -0.110454
       11817.427  0.000907662    -0.110755
       11822.646  0.000180917    -0.111457
       11827.866 -0.000347477    -0.111960
       11833.085  -0.00103688    -0.112625
       11838.305 -0.000837217    -0.112400
       11843.525 -0.000293058    -0.111830
       11848.745  0.000572474    -0.110939
       11853.965   0.00169282    -0.109792
       11859.185  0.000767152    -0.110692
       11864.406 -0.000906738    -0.112339
       11869.626  -0.00127699    -0.112682
       11874.847  0.000261234    -0.111117
       11880.068   0.00103185    -0.110319
       11885.290 -0.000321017    -0.111644
       11890.511 -0.000640387    -0.111936
       11895.733  0.000314912    -0.110953
       11900.954   0.00220642    -0.109033
       11906.176   0.00200569    -0.109205
       11911.398  0.000330298    -0.110852
       11916.621  0.000604274    -0.110549
       11921.843  0.000440459    -0.110683
       11927.066 -0.000167114    -0.111262
       11932.289 -0.000227966    -0.111293
       11937.512  1.16611e-05    -0.111023
       11942.735  0.000464393    -0.110540
       11947.958 -8.89527e-05    -0.111063
       11953.182 -0.000696417    -0.111640
       11958.405 -0.000539309    -0.111452
       11963.629  -0.00132678    -0.112208
       11968.853  -0.00262345    -0.113473
       11974.078  -0.00251040    -0.113328
       11979.302  -0.00102209    -0.111808
       11984.526  0.000184856    -0.110569
       11989.751  0.000165385    -0.110556
       11994.976 -0.000394405    -0.111083
       12000.201 -0.000999476    -0.111655
       12005.427  -0.00110100    -0.111723
       12010.652 -0.000400917    -0.110989
       12015.878 -0.000754923    -0.111310
       12021.103 -0.000870046    -0.111391
       12026.329  0.000207118    -0.110279
       12031.555  0.000398447    -0.110053
       12036.782  0.000172305    -0.110245
       12042.008 -0.000659034    -0.111041
       12047.235 -0.000429247    -0.110776
       12052.462  0.000650657    -0.109660
       12057.689 -0.000196214    -0.110471
       12062.916  -0.00148510    -0.111724
       12068.143 -0.000929302    -0.111132
       12073.371  0.000326802    -0.109839
       12078.599   0.00140690    -0.108722
       12083.827   0.00280504    -0.107286
       12089.055   0.00283871    -0.107215
       12094.283   0.00223477    -0.107782
       12099.511   0.00152071    -0.108458
       12104.740  0.000583998    -0.109356
       12109.969   0.00152817    -0.108373
       12115.198   0.00209861    -0.107764
       12120.427  0.000712772    -0.109111
       12125.656 -0.000290938    -0.110075
       12130.885 -0.000147062    -0.109892
       12136.115  0.000134854    -0.109570
       12141.345 -0.000782390    -0.110447
       12146.575  -0.00167154    -0.111296
       12151.805 -0.000770881    -0.110354
       12157.035  0.000752510    -0.108790
       12162.266  0.000884677    -0.108616
       12167.497  0.000583219    -0.108876
       12172.728  0.000477025    -0.108941
       12177.959 -0.000922457    -0.110298
       12183.190  -0.00194916    -0.111282
       12188.421 -0.000554478    -0.109845
       12193.653   0.00100104    -0.108247
       12198.885   0.00208278    -0.107122
       12204.117   0.00233066    -0.106830
       12209.349  0.000605355    -0.108512
       12214.581 -0.000299125    -0.109372
       12219.813 -4.10660e-07    -0.109029
       12225.046 -0.000292557    -0.109277
       12230.279 -0.000571791    -0.109511
       12235.512  9.63454e-06    -0.108884
       12240.745  0.000773039    -0.108075
       12245.978  0.000876491    -0.107926
       12251.212  0.000488567    -0.108268
       12256.446  0.000477795    -0.108232
       12261.679   0.00167762    -0.106986
       12266.913   0.00265934    -0.105957
       12272.148   0.00217830    -0.106391
       12277.382   0.00179921    -0.106723
       12282.617   0.00140661    -0.107068
       12287.851   0.00132933    -0.107097
       12293.086   0.00160294    -0.106775
       12298.321  0.000335932    -0.107993
       12303.557  -0.00118682    -0.109467
       12308.792  -0.00162832    -0.109859
       12314.028  -0.00149683    -0.109678
       12319.263 -0.000340473    -0.108472
       12324.499   0.00105527    -0.107026
       12329.736  0.000605477    -0.107426
       12334.972 -0.000172840    -0.108153
       12340.208 -0.000101812    -0.108031
       12345.445 -0.000809279    -0.108687
       12350.682  -0.00138608    -0.109212
       12355.919 -0.000706307    -0.108481
       12361.156 -0.000535411    -0.108258
       12366.393  -0.00170649    -0.109376
       12371.631  -0.00103329    -0.108650
       12376.869   0.00136882    -0.106195
       12382.107   0.00124196    -0.106268
       12387.345  0.000854724    -0.106602
       12392.583  0.000849938    -0.106553
       12397.821 -0.000199150    -0.107548
       12403.060 -0.000309299    -0.107603
       12408.299  -0.00149075    -0.108730
       12413.538  -0.00264364    -0.109827
       12418.777  -0.00140057    -0.108529
       12424.016  -0.00106893    -0.108141
       12429.256  -0.00179365    -0.108810
       12434.495  -0.00207334    -0.109033
       12439.735  -0.00218350    -0.109086
       12444.975  -0.00112852    -0.107974
       12450.215  0.000348606    -0.106440
       12455.456  0.000504155    -0.106227
       12460.696  -0.00111902    -0.107792
       12465.937  -0.00274060    -0.109355
       12471.178  -0.00326732    -0.109823
       12476.419  -0.00282316    -0.109320
       12481.660  -0.00158147    -0.108019
       12486.902  -0.00218252    -0.108561
       12492.143  -0.00376131    -0.110079
       12497.385  -0.00411023    -0.110368
       12502.627  -0.00399621    -0.110194
       12507.869  -0.00347619    -0.109613
       12513.111  -0.00268916    -0.108765
       12518.354  -0.00291323    -0.108927
       12523.596  -0.00326731    -0.109219
       12528.839  -0.00274847    -0.108639
       12534.082  -0.00287048    -0.108698
       12539.325  -0.00287152    -0.108636
       12544.569  -0.00105558    -0.106757
       12549.812 -4.71116e-05    -0.105686
       12555.056  -0.00140457    -0.106979
       12560.300  -0.00239843    -0.107909
       12565.544  -0.00312777    -0.108574
       12570.788  -0.00436991    -0.109752
       12576.033  -0.00509068    -0.110407
       12581.277  -0.00491865    -0.110170
       12586.522  -0.00418215    -0.109368
       12591.767  -0.00427211    -0.109392
       12597.012  -0.00504205    -0.110095
       12602.257  -0.00470484    -0.109692
       12607.503  -0.00417935    -0.109099
       12612.748  -0.00526689    -0.110119
       12617.994  -0.00636531    -0.111150
       12623.240  -0.00566919    -0.110386
       12628.486  -0.00406516    -0.108714
       12633.733  -0.00433608    -0.108916
       12638.979  -0.00580650    -0.110318
       12644.226  -0.00527050    -0.109712
       12649.473  -0.00392530    -0.108298
       12654.720  -0.00370099    -0.108003
       12659.967  -0.00490932    -0.109141
       12665.215  -0.00584590    -0.110007
       12670.462  -0.00443447    -0.108525
       12675.710  -0.00396204    -0.107981
       12680.958  -0.00715882    -0.111106
       12686.206  -0.00956965    -0.113445
       12691.454  -0.00878975    -0.112593
       12696.703  -0.00707088    -0.110802
       12701.951  -0.00478524    -0.108443
       12707.200  -0.00383082    -0.107415
       12712.449  -0.00601000    -0.109521
       12717.698  -0.00790550    -0.111342
       12722.948  -0.00780008    -0.111163
       12728.197  -0.00746423    -0.110752
       12733.447  -0.00681710    -0.110030
       12738.697  -0.00603626    -0.109174
       12743.947  -0.00578047    -0.108842
       12749.197  -0.00658700    -0.109573
       12754.447  -0.00826137    -0.111171
       12759.698  -0.00926261    -0.112095
       12764.949  -0.00905717    -0.111813
       12770.200  -0.00714396    -0.109822
       12775.451  -0.00547539    -0.108075
       12780.702  -0.00592898    -0.108451
       12785.954  -0.00644317    -0.108887
       12791.205  -0.00723495    -0.109600
       12796.457  -0.00867976    -0.110965
       12801.709  -0.00881114    -0.111017
       12806.961  -0.00853367    -0.110660
       12812.213  -0.00871947    -0.110765
       12817.466  -0.00733781    -0.109303
       12822.719  -0.00543338    -0.107318
       12827.972  -0.00529027    -0.107093
       12833.225  -0.00611983    -0.107841
       12838.478  -0.00685188    -0.108491
       12843.731  -0.00729112    -0.108848
       12848.985  -0.00810127    -0.109575
       12854.239  -0.00884184    -0.110233
       12859.493  -0.00838927    -0.109697
       12864.747  -0.00809501    -0.109319
       12870.001  -0.00881426    -0.109954
       12875.255  -0.00874614    -0.109801
       12880.510  -0.00770565    -0.108676
       12885.765  -0.00750690    -0.108392
       12891.020  -0.00898391    -0.109783
       12896.275  -0.00984550    -0.110559
       12901.530  -0.00802457    -0.108652
       12906.786  -0.00632216    -0.106863
       12912.042  -0.00666163    -0.107115
       12917.297  -0.00662456    -0.106991
       12922.553  -0.00621761    -0.106496
       12927.810  -0.00672509    -0.106915
       12933.066  -0.00722905    -0.107331
       12938.323  -0.00849429    -0.108507
       12943.579  -0.00990761    -0.109831
       12948.836  -0.00931620    -0.109150
       12954.094  -0.00845909    -0.108203
       12959.351  -0.00868753    -0.108341
       12964.608  -0.00874305    -0.108306
       12969.866  -0.00906837    -0.108540
       12975.124   -0.0100525    -0.109433
       12980.382   -0.0101741    -0.109462
       12985.640  -0.00974514    -0.108941
       12990.898  -0.00981385    -0.108917
       12996.157   -0.0100116    -0.109022
       13001.415   -0.0100410    -0.108958
       13006.674  -0.00950122    -0.108325
       13011.933  -0.00985556    -0.108585
       13017.193   -0.0117994    -0.110434
       13022.452   -0.0125347    -0.111075
       13027.712   -0.0122278    -0.110673
       13032.971   -0.0123984    -0.110748
       13038.231   -0.0122519    -0.110505
       13043.491   -0.0125330    -0.110690
       13048.752   -0.0132291    -0.111289
       13054.012   -0.0135623    -0.111525
       13059.273   -0.0127431    -0.110608
       13064.534   -0.0112516    -0.109019
       13069.795   -0.0108743    -0.108544
       13075.056   -0.0110808    -0.108651
       13080.317   -0.0121383    -0.109610
       13085.579   -0.0131781    -0.110550
       13090.841   -0.0126387    -0.109911
       13096.102   -0.0112034    -0.108376
       13101.364   -0.0109636    -0.108035
       13106.627   -0.0124914    -0.109462
       13111.889   -0.0129892    -0.109858
       13117.152   -0.0118762    -0.108644
       13122.415   -0.0114681    -0.108133
       13127.677   -0.0119769    -0.108540
       13132.941   -0.0114692    -0.107929
       13138.204   -0.0118543    -0.108211
       13143.467   -0.0136472    -0.109900
       13148.731   -0.0132044    -0.109353
       13153.995   -0.0132895    -0.109334
       13159.259   -0.0138648    -0.109804
       13164.523   -0.0126329    -0.108467
       13169.787   -0.0126066    -0.108335
       13175.052   -0.0123802    -0.108003
       13180.317   -0.0125284    -0.108045
       13185.582   -0.0137825    -0.109192
       13190.847   -0.0136280    -0.108930
       13196.112   -0.0136470    -0.108841
       13201.377   -0.0143479    -0.109434
       13206.643   -0.0148761    -0.109854
       13211.909   -0.0149220    -0.109791
       13217.175   -0.0148296    -0.109589
       13222.441   -0.0145800    -0.109230
       13227.707   -0.0142270    -0.108767
       13232.974   -0.0147967    -0.109226
       13238.240   -0.0147852    -0.109104
       13243.507   -0.0142080    -0.108416
       13248.774   -0.0141193    -0.108215
       13254.041   -0.0140208    -0.108005
       13259.309   -0.0147443    -0.108616
       13264.576   -0.0154153    -0.109174
       13269.844   -0.0151488    -0.108794
       13275.112   -0.0151779    -0.108710
       13280.380   -0.0151726    -0.108590
       13285.648   -0.0161874    -0.109490
       13290.917   -0.0172516    -0.110440
       13296.185   -0.0168058    -0.109879
       13301.454   -0.0175063    -0.110463
       13306.723   -0.0166458    -0.109487
       13311.992   -0.0136355    -0.106360
       13317.262   -0.0137605    -0.106368
       13322.531   -0.0151750    -0.107665
       13327.801   -0.0159064    -0.108279
       13333.071   -0.0162725    -0.108527
       13338.341   -0.0156495    -0.107785
       13343.611   -0.0159651    -0.107982
       13348.881   -0.0166690    -0.108566
       13354.152   -0.0165571    -0.108334
       13359.423   -0.0153750    -0.107032
       13364.694   -0.0153411    -0.106877
       13369.965   -0.0174842    -0.108899
       13375.236   -0.0175882    -0.108882
       13380.507   -0.0161545    -0.107326
       13385.779   -0.0162299    -0.107279
       13391.051   -0.0173642    -0.108291
       13396.323   -0.0186130    -0.109416
